
===== Confusion Matrix =====
462  0    1    53   0    0    0    1    1    0    actual class: 0
0    23   0    0    0    0    0    0    0    0    actual class: 1
1    0    77   4    0    0    0    0    0    0    actual class: 2
3    0    0    722  0    1    2    0    1    0    actual class: 3
0    0    0    3    49   5    1    0    0    1    actual class: 4
1    0    0    1    3    49   1    0    0    0    actual class: 5
0    0    0    3    2    5    28   0    0    2    actual class: 6
0    0    3    1    0    0    0    30   0    0    actual class: 7
1    0    0    0    0    0    0    0    26   0    actual class: 8
4    0    0    2    3    1    0    0    0    69   actual class: 9

==================================================================================
Accuracy   Sensit.   Specif.   Precision   F-measure   MCC         Class
----------------------------------------------------------------------------------
0.933      0.979      0.952      0.892      0.933      0.907      0
0.933      1.000      1.000      1.000      1.000      1.000      1
0.933      0.951      0.997      0.939      0.945      0.942      2
0.933      0.915      0.992      0.990      0.951      0.912      3
0.933      0.860      0.994      0.831      0.845      0.839      4
0.933      0.803      0.996      0.891      0.845      0.840      5
0.933      0.875      0.993      0.700      0.778      0.778      6
0.933      0.968      0.998      0.882      0.923      0.923      7
0.933      0.929      0.999      0.963      0.945      0.945      8
0.933      0.958      0.994      0.873      0.914      0.911      9
----------------------------------------------------------------------------------
0.933      0.924      0.991      0.896      0.908      0.900      Average
.....      0.924      .....      0.896      0.910      .....      Macro-Average
.....      0.933      .....      0.933      0.933      .....      Micro-Average
----------------------------------------------------------------------------------
Kappa: 0.902
==================================================================================

